x_1 = 1024
x_2 = 3.1694
x_3 = 1.54305
x_4 = 1.03092
x_5 = 26.9961
x_6 = 7
x_7 = -1.24497
